# Averaged quantities from 400.000000 to 930.000000
# Grid: grid1
Re: 8000000.0
avgCd: 0.32659971218286055
avgCl: 0.01583526573030363
