# Averaged quantities from 230.000000 to 330.000000
# Grid: grid1
Re: 8000000.0
avgCd: 0.3282877175935374
avgCl: 0.021978270349291965
