# Averaged quantities from 160.000000 to 260.000000
# Grid: grid0
Re: 8000000.0
avgCd: 0.557447752869898
avgCl: 0.015746924420128202
