# Averaged quantities from 230.000000 to 330.000000
# Grid: grid1
Re: 8000000.0
avgCd: 0.5334823855059524
avgCl: 0.05814844262707877
